{"ref_":{"position":[1900,3800]},"elevation":{"precision":11.111111,"grid":[[2115.0,2110.0,2105.0,2102.0,2099.0,2095.0,2092.0,2089.0,2086.0,2082.0],[2110.0,2105.0,2101.0,2098.0,2095.0,2092.0,2089.0,2086.0,2082.0,2078.0],[2105.0,2101.0,2097.0,2094.0,2091.0,2088.0,2085.0,2082.0,2079.0,2075.0],[2102.0,2097.0,2094.0,2091.0,2088.0,2085.0,2082.0,2080.0,2076.0,2072.0],[2098.0,2094.0,2091.0,2088.0,2085.0,2082.0,2080.0,2077.0,2074.0,2070.0],[2094.0,2091.0,2088.0,2085.0,2082.0,2079.0,2077.0,2074.0,2071.0,2068.0],[2091.0,2088.0,2085.0,2082.0,2079.0,2076.0,2074.0,2071.0,2068.0,2065.0],[2088.0,2085.0,2082.0,2080.0,2077.0,2074.0,2071.0,2069.0,2066.0,2063.0],[2085.0,2083.0,2080.0,2078.0,2075.0,2072.0,2069.0,2066.0,2064.0,2061.0],[2083.0,2080.0,2077.0,2075.0,2072.0,2070.0,2067.0,2064.0,2062.0,2059.0]]},"size":100,"grid_size":9,"background_color":[0,128,0]}