{"position":[1200.0,0.0,1200.0],"ref_":{"position":[1200,1200]},"elevation":{"precision":11.111111,"grid":[[2539.0,2537.0,2535.0,2533.0,2531.0,2530.0,2529.0,2528.0,2528.0,2529.0],[2538.0,2536.0,2534.0,2532.0,2530.0,2529.0,2527.0,2526.0,2526.0,2527.0],[2537.0,2535.0,2534.0,2532.0,2530.0,2528.0,2526.0,2525.0,2524.0,2525.0],[2536.0,2535.0,2533.0,2531.0,2529.0,2527.0,2525.0,2523.0,2522.0,2523.0],[2535.0,2534.0,2533.0,2530.0,2528.0,2526.0,2523.0,2521.0,2520.0,2521.0],[2533.0,2532.0,2531.0,2529.0,2526.0,2524.0,2522.0,2520.0,2519.0,2519.0],[2531.0,2530.0,2529.0,2527.0,2525.0,2523.0,2521.0,2518.0,2517.0,2517.0],[2529.0,2528.0,2527.0,2525.0,2523.0,2521.0,2519.0,2517.0,2516.0,2515.0],[2527.0,2526.0,2525.0,2523.0,2522.0,2520.0,2518.0,2516.0,2514.0,2513.0],[2525.0,2524.0,2523.0,2521.0,2520.0,2518.0,2516.0,2514.0,2512.0,2511.0]]},"size":100,"grid_size":9,"background_color":[0,128,0]}