{"position": [0.0, 0.0, 0.0], "ref_": {"position": [0, 0]}, "elevation": {"precision": 10.0, "grid": [[212.13203435596427, 210.02142747824564, 207.93268141396146, 205.86646157157315, 203.82345301755632, 201.80436070610565, 199.80990966416056, 197.84084512557055, 195.8979326077741, 193.98195792392653, 192.09372712298546, 190.23406634985227, 188.403821617291, 186.60385848100782, 184.83506160899233, 183.09833423600554, 181.39459749397167, 179.7247896090019, 178.08986495586996, 176.49079296099274, 174.928556845359, 173.4041521994211, 171.91858538273283, 170.47287174210447, 169.06803364326444, 167.70509831248424, 166.38509548634457, 165.10905486980417, 163.87800340497196, 162.69296235547498, 161.55494421403512, 160.46494944379597, 159.42396306703705, 158.43295111813072, 157.49285698088025, 156.60459763365824, 155.76905982896602, 154.98709623707387, 154.2595215861893, 153.58710883404245, 152.97058540778355, 152.41062955056645, 151.90786681406595, 151.46286673637204, 151.07613974417006, 150.74813431681335, 150.4792344478134, 150.26975743641833, 150.11995203836165, 150.02999700059985, 150.0, 150.02999700059985, 150.11995203836165, 150.26975743641833, 150.4792344478134, 150.74813431681335, 151.07613974417006, 151.46286673637204, 151.90786681406595, 152.41062955056645, 152.97058540778355, 153.58710883404245, 154.2595215861893, 154.98709623707387, 155.76905982896602, 156.60459763365824, 157.49285698088025, 158.43295111813072, 159.42396306703705, 160.46494944379597, 161.55494421403512, 162.69296235547498, 163.87800340497196, 165.10905486980417, 166.38509548634457, 167.70509831248424, 169.06803364326444, 170.47287174210447, 171.91858538273283, 173.4041521994211, 174.928556845359, 176.49079296099274, 178.08986495586996, 179.7247896090019, 181.39459749397167, 183.09833423600554, 184.83506160899233, 186.60385848100782, 188.403821617291, 190.23406634985227, 192.09372712298546, 193.98195792392653, 195.8979326077741, 197.84084512557055, 199.80990966416056, 201.80436070610565, 203.82345301755632, 205.86646157157315, 207.93268141396146, 210.02142747824564, 212.13203435596427], [210.02142747824564, 207.88939366884497, 205.7790076757102, 203.69094236121546, 201.62589119455862, 199.58456854175876, 197.56770991232347, 195.57607215607945, 193.61043360315065, 191.67159413955946, 189.7603752104216, 187.8776197422141, 186.02419197512992, 184.20097719610501, 182.40888136272312, 180.64883060789515, 178.92177061498134, 177.22866585290313, 175.57049866079439, 173.9482681718907, 172.3629890666787, 170.8156901458411, 169.30741271426953, 167.83920876839238, 166.41213898030395, 165.02727047370078, 163.68567438844488, 162.3884232326923, 161.13658802394943, 159.93123522314207, 158.7734234687909, 157.66420012165096, 156.60459763365824, 155.59562975867925, 154.6382876263185, 153.73353570382747, 152.88230767489088, 152.0855022676389, 151.34397906755325, 150.6585543538766, 150.02999700059985, 149.4590244849738, 148.94629904767692, 148.49242404917499, 148.0979405663698, 147.763324272297, 147.48898263938224, 147.27525250360293, 147.12239802287073, 147.03060905811415, 147.0, 147.03060905811415, 147.12239802287073, 147.27525250360293, 147.48898263938224, 147.763324272297, 148.0979405663698, 148.49242404917499, 148.94629904767692, 149.4590244849738, 150.02999700059985, 150.6585543538766, 151.34397906755325, 152.0855022676389, 152.88230767489088, 153.73353570382747, 154.6382876263185, 155.59562975867925, 156.60459763365824, 157.66420012165096, 158.7734234687909, 159.93123522314207, 161.13658802394943, 162.3884232326923, 163.68567438844488, 165.02727047370078, 166.41213898030395, 167.83920876839238, 169.30741271426953, 170.8156901458411, 172.3629890666787, 173.9482681718907, 175.57049866079439, 177.22866585290313, 178.92177061498134, 180.64883060789515, 182.40888136272312, 184.20097719610501, 186.02419197512992, 187.8776197422141, 189.7603752104216, 191.67159413955946, 193.61043360315065, 195.57607215607945, 197.56770991232347, 199.58456854175876, 201.62589119455862, 203.69094236121546, 205.7790076757102, 207.88939366884497, 210.02142747824564], [207.93268141396146, 205.7790076757102, 203.64675298172568, 201.53659717282122, 199.44924166313595, 197.3854097951518, 195.34584715319647, 193.33132182861627, 191.34262462922368, 189.38056922503955, 187.4459922217597, 185.5397531527947, 183.6627343801676, 181.8158408940211, 180.0, 178.21616088334974, 176.46529403823288, 174.7483905505284, 173.06646122227147, 171.42053552593984, 169.81166037701885, 168.24089871371942, 166.70932787339765, 165.21803775617238, 163.76812876747417, 162.36070953281768, 160.99689437998484, 159.67780058605518, 158.404545389329, 157.1782427691568, 156.0, 154.8709139896837, 153.79206741571554, 152.76452467768817, 151.7893276880822, 150.86749152816188, 150.0, 149.18780110987626, 148.43180252223578, 147.73286702694156, 147.09180806557515, 146.50938536489735, 145.98630072715727, 145.52319402761884, 145.12063946937388, 144.77914214416384, 144.49913494550754, 144.28097587693256, 144.12494579357175, 144.03124660989366, 144.0, 144.03124660989366, 144.12494579357175, 144.28097587693256, 144.49913494550754, 144.77914214416384, 145.12063946937388, 145.52319402761884, 145.98630072715727, 146.50938536489735, 147.09180806557515, 147.73286702694156, 148.43180252223578, 149.18780110987626, 150.0, 150.86749152816188, 151.7893276880822, 152.76452467768817, 153.79206741571554, 154.8709139896837, 156.0, 157.1782427691568, 158.404545389329, 159.67780058605518, 160.99689437998484, 162.36070953281768, 163.76812876747417, 165.21803775617238, 166.70932787339765, 168.24089871371942, 169.81166037701885, 171.42053552593984, 173.06646122227147, 174.7483905505284, 176.46529403823288, 178.21616088334974, 180.0, 181.8158408940211, 183.6627343801676, 185.5397531527947, 187.4459922217597, 189.38056922503955, 191.34262462922368, 193.33132182861627, 195.34584715319647, 197.3854097951518, 199.44924166313595, 201.53659717282122, 203.64675298172568, 205.7790076757102, 207.93268141396146], [205.86646157157315, 203.69094236121546, 201.53659717282122, 199.4041122946064, 197.29419656948855, 195.20758181996928, 193.1450232338385, 191.10729970359583, 189.0952141118331, 187.1095935541521, 185.15128949051368, 183.22117781522965, 181.32015883513887, 179.44915714485816, 177.60912138738823, 175.80102388780332, 174.0258601472781, 172.28464818433474, 170.578427709954, 168.90825912311095, 167.2752223134078, 165.6804152578089, 164.12495239907915, 162.60996279441184, 161.13658802394943, 159.70597985047397, 158.31929762350515, 156.97770542341354, 155.68236894394946, 154.434452114805, 153.2351134694656, 152.0855022676389, 150.98675438593943, 149.93998799519758, 148.94629904767692, 148.0067566025281, 147.12239802287073, 146.2942240828393, 145.52319402761884, 144.81022063376602, 144.15616532080756, 143.56183336806478, 143.02796929272262, 142.55525244620065, 142.1442928857856, 141.7956275771577, 141.50971698084905, 141.2869420717994, 141.1276018360689, 141.03191128251788, 141.0, 141.03191128251788, 141.1276018360689, 141.2869420717994, 141.50971698084905, 141.7956275771577, 142.1442928857856, 142.55525244620065, 143.02796929272262, 143.56183336806478, 144.15616532080756, 144.81022063376602, 145.52319402761884, 146.2942240828393, 147.12239802287073, 148.0067566025281, 148.94629904767692, 149.93998799519758, 150.98675438593943, 152.0855022676389, 153.2351134694656, 154.434452114805, 155.68236894394946, 156.97770542341354, 158.31929762350515, 159.70597985047397, 161.13658802394943, 162.60996279441184, 164.12495239907915, 165.6804152578089, 167.2752223134078, 168.90825912311095, 170.578427709954, 172.28464818433474, 174.0258601472781, 175.80102388780332, 177.60912138738823, 179.44915714485816, 181.32015883513887, 183.22117781522965, 185.15128949051368, 187.1095935541521, 189.0952141118331, 191.10729970359583, 193.1450232338385, 195.20758181996928, 197.29419656948855, 199.4041122946064, 201.53659717282122, 203.69094236121546, 205.86646157157315], [203.82345301755632, 201.62589119455862, 199.44924166313595, 197.29419656948855, 195.16147160748713, 193.05180651835403, 190.96596555407456, 188.90473789717396, 186.86893802876924, 184.85940603604675, 182.87700784953805, 180.9226353997752, 178.99720668211557, 177.1016657177453, 175.23698239812282, 173.4041521994211, 171.6041957529011, 169.83815825661793, 168.1071087134628, 166.41213898030395, 164.75436261295175, 163.13491349187026, 161.55494421403512, 160.01562423713503, 158.51813776347487, 157.06368135250108, 155.65346125287417, 154.2886904474855, 152.97058540778355, 151.7003625572464, 150.4792344478134, 149.30840565755165, 148.18906842274163, 147.12239802287073, 146.10954794263105, 145.15164484083533, 144.2497833620557, 143.40502083260543, 142.61837188805654, 141.8908030846256, 141.22322755127783, 140.61649974309557, 140.071410359145, 139.5886814895821, 139.16896205691842, 138.81282361511128, 138.52075656738234, 138.2931668593933, 138.13037319865606, 138.03260484392808, 138.0, 138.03260484392808, 138.13037319865606, 138.2931668593933, 138.52075656738234, 138.81282361511128, 139.16896205691842, 139.5886814895821, 140.071410359145, 140.61649974309557, 141.22322755127783, 141.8908030846256, 142.61837188805654, 143.40502083260543, 144.2497833620557, 145.15164484083533, 146.10954794263105, 147.12239802287073, 148.18906842274163, 149.30840565755165, 150.4792344478134, 151.7003625572464, 152.97058540778355, 154.2886904474855, 155.65346125287417, 157.06368135250108, 158.51813776347487, 160.01562423713503, 161.55494421403512, 163.13491349187026, 164.75436261295175, 166.41213898030395, 168.1071087134628, 169.83815825661793, 171.6041957529011, 173.4041521994211, 175.23698239812282, 177.1016657177453, 178.99720668211557, 180.9226353997752, 182.87700784953805, 184.85940603604675, 186.86893802876924, 188.90473789717396, 190.96596555407456, 193.05180651835403, 195.16147160748713, 197.29419656948855, 199.44924166313595, 201.62589119455862, 203.82345301755632], [201.80436070610565, 199.58456854175876, 197.3854097951518, 195.20758181996928, 193.05180651835403, 190.91883092036784, 188.80942773071476, 186.72439583514523, 184.6645607581487, 182.63077506269306, 180.62391868188445, 178.64489917151286, 176.69465187152664, 174.7741399635541, 172.8843544106869, 171.0263137648707, 169.20106382644286, 167.40967713964446, 165.65325230734229, 163.93291310777101, 162.24980739587951, 160.60510577189007, 159.0, 157.43570116082313, 155.9134375222354, 154.434452114805, 153.0, 151.61134522191932, 150.26975743641833, 148.97650821522163, 147.73286702694156, 146.54009690183776, 145.3994497926316, 144.31216164966833, 143.27944723511465, 142.30249470757707, 141.38246001537814, 140.52046114356443, 139.71757226634023, 138.97481786280562, 138.2931668593933, 137.67352686700517, 137.11673858431726, 136.6235704408284, 136.194713553794, 135.83077707206124, 135.5322839769182, 135.29966740535616, 135.1332675546625, 135.03332921912278, 135.0, 135.03332921912278, 135.1332675546625, 135.29966740535616, 135.5322839769182, 135.83077707206124, 136.194713553794, 136.6235704408284, 137.11673858431726, 137.67352686700517, 138.2931668593933, 138.97481786280562, 139.71757226634023, 140.52046114356443, 141.38246001537814, 142.30249470757707, 143.27944723511465, 144.31216164966833, 145.3994497926316, 146.54009690183776, 147.73286702694156, 148.97650821522163, 150.26975743641833, 151.61134522191932, 153.0, 154.434452114805, 155.9134375222354, 157.43570116082313, 159.0, 160.60510577189007, 162.24980739587951, 163.93291310777101, 165.65325230734229, 167.40967713964446, 169.20106382644286, 171.0263137648707, 172.8843544106869, 174.7741399635541, 176.69465187152664, 178.64489917151286, 180.62391868188445, 182.63077506269306, 184.6645607581487, 186.72439583514523, 188.80942773071476, 190.91883092036784, 193.05180651835403, 195.20758181996928, 197.3854097951518, 199.58456854175876, 201.80436070610565], [199.80990966416056, 197.56770991232347, 195.34584715319647, 193.1450232338385, 190.96596555407456, 188.80942773071476, 186.67619023324855, 184.56706098326427, 182.4828759089466, 180.42449944505873, 178.39282496782207, 176.3887751530692, 174.41330224498358, 172.46738822165773, 170.55204484262273, 168.66831356244714, 166.81726529349413, 165.0, 163.21764610482532, 161.47135968957468, 159.76232346833217, 158.0917455150648, 156.46085772486356, 154.8709139896837, 153.32318807016765, 151.81897114655993, 150.3595690337, 148.94629904767692, 147.58048651498612, 146.26346091898688, 144.99655168313487, 143.7810835958611, 142.61837188805654, 141.50971698084905, 140.4563989286355, 139.4596715900335, 138.52075656738234, 137.64083696345355, 136.82105101189654, 136.0624856453828, 135.36617007214173, 134.73306943731373, 134.16407864998737, 133.6600164596728, 133.2216198670471, 132.84953895290715, 132.54433220624713, 132.30646242719968, 132.13629327327143, 132.0340865079923, 132.0, 132.0340865079923, 132.13629327327143, 132.30646242719968, 132.54433220624713, 132.84953895290715, 133.2216198670471, 133.6600164596728, 134.16407864998737, 134.73306943731373, 135.36617007214173, 136.0624856453828, 136.82105101189654, 137.64083696345355, 138.52075656738234, 139.4596715900335, 140.4563989286355, 141.50971698084905, 142.61837188805654, 143.7810835958611, 144.99655168313487, 146.26346091898688, 147.58048651498612, 148.94629904767692, 150.3595690337, 151.81897114655993, 153.32318807016765, 154.8709139896837, 156.46085772486356, 158.0917455150648, 159.76232346833217, 161.47135968957468, 163.21764610482532, 165.0, 166.81726529349413, 168.66831356244714, 170.55204484262273, 172.46738822165773, 174.41330224498358, 176.3887751530692, 178.39282496782207, 180.42449944505873, 182.4828759089466, 184.56706098326427, 186.67619023324855, 188.80942773071476, 190.96596555407456, 193.1450232338385, 195.34584715319647, 197.56770991232347, 199.80990966416056], [197.84084512557055, 195.57607215607945, 193.33132182861627, 191.10729970359583, 188.90473789717396, 186.72439583514523, 184.56706098326427, 182.43354954612926, 180.3247071257846, 178.24140933015536, 176.18456232031227, 174.1551032843999, 172.15400082484288, 170.182255244194, 168.24089871371942, 166.33099530754933, 164.45364088398895, 162.60996279441184, 160.80111939908875, 159.02829936838287, 157.29272074701993, 155.59562975867925, 153.93829932801, 152.32202729743324, 150.74813431681335, 149.21796138535066, 147.73286702694156, 146.2942240828393, 144.90341610879986, 143.56183336806478, 142.2708684165525, 141.03191128251788, 139.84634424967996, 138.7155362603627, 137.64083696345355, 136.6235704408284, 135.66502865514016, 134.7664646712972, 133.9290857132983, 133.15404612703287, 132.4424403278647, 131.79529581893277, 131.21356637177422, 130.69812546475177, 130.24976007655445, 129.86916493148019, 129.5569372901351, 129.31357237351384, 129.1394595001853, 129.0348790056394, 129.0, 129.0348790056394, 129.1394595001853, 129.31357237351384, 129.5569372901351, 129.86916493148019, 130.24976007655445, 130.69812546475177, 131.21356637177422, 131.79529581893277, 132.4424403278647, 133.15404612703287, 133.9290857132983, 134.7664646712972, 135.66502865514016, 136.6235704408284, 137.64083696345355, 138.7155362603627, 139.84634424967996, 141.03191128251788, 142.2708684165525, 143.56183336806478, 144.90341610879986, 146.2942240828393, 147.73286702694156, 149.21796138535066, 150.74813431681335, 152.32202729743324, 153.93829932801, 155.59562975867925, 157.29272074701993, 159.02829936838287, 160.80111939908875, 162.60996279441184, 164.45364088398895, 166.33099530754933, 168.24089871371942, 170.182255244194, 172.15400082484288, 174.1551032843999, 176.18456232031227, 178.24140933015536, 180.3247071257846, 182.43354954612926, 184.56706098326427, 186.72439583514523, 188.90473789717396, 191.10729970359583, 193.33132182861627, 195.57607215607945, 197.84084512557055], [195.8979326077741, 193.61043360315065, 191.34262462922368, 189.0952141118331, 186.86893802876924, 184.6645607581487, 182.4828759089466, 180.3247071257846, 178.19090885900997, 176.08236708995025, 174.0, 171.94475857088517, 169.91762710207553, 167.91962362987837, 165.95180023127196, 164.01524319403973, 162.11107303327555, 160.2404443328837, 158.404545389329, 156.60459763365824, 154.84185480676726, 153.11760186209813, 151.43315356948753, 149.78985279383915, 148.18906842274163, 146.63219291819925, 145.12063946937388, 143.65583872575453, 142.23923509355637, 140.87228258248675, 139.5564401953561, 138.2931668593933, 137.08391590555036, 135.93012911051028, 134.8332303254654, 133.79461872586654, 132.81566172707193, 131.89768762188365, 131.04197800704932, 130.24976007655445, 129.52219886953742, 128.86038956948715, 128.26534995859168, 127.73801313626261, 127.27922061357856, 126.8897158953396, 126.57013865837392, 126.32101962856379, 126.14277624977181, 126.03570922560002, 126.0, 126.03570922560002, 126.14277624977181, 126.32101962856379, 126.57013865837392, 126.8897158953396, 127.27922061357856, 127.73801313626261, 128.26534995859168, 128.86038956948715, 129.52219886953742, 130.24976007655445, 131.04197800704932, 131.89768762188365, 132.81566172707193, 133.79461872586654, 134.8332303254654, 135.93012911051028, 137.08391590555036, 138.2931668593933, 139.5564401953561, 140.87228258248675, 142.23923509355637, 143.65583872575453, 145.12063946937388, 146.63219291819925, 148.18906842274163, 149.78985279383915, 151.43315356948753, 153.11760186209813, 154.84185480676726, 156.60459763365824, 158.404545389329, 160.2404443328837, 162.11107303327555, 164.01524319403973, 165.95180023127196, 167.91962362987837, 169.91762710207553, 171.94475857088517, 174.0, 176.08236708995025, 178.19090885900997, 180.3247071257846, 182.4828759089466, 184.6645607581487, 186.86893802876924, 189.0952141118331, 191.34262462922368, 193.61043360315065, 195.8979326077741], [193.98195792392653, 191.67159413955946, 189.38056922503955, 187.1095935541521, 184.85940603604675, 182.63077506269306, 180.42449944505873, 178.24140933015536, 176.08236708995025, 173.9482681718907, 171.84004189943624, 169.75865220954128, 167.70509831248424, 165.6804152578089, 163.68567438844488, 161.72198366332265, 159.7904878270293, 157.8923684032892, 156.02884348735012, 154.20116731075674, 152.41062955056645, 150.6585543538766, 148.94629904767692, 147.27525250360293, 145.64683312726027, 144.06248644251562, 142.52368224263643, 141.03191128251788, 139.5886814895821, 138.19551367537224, 136.85393673548452, 135.56548233234005, 134.33167906342865, 133.15404612703287, 132.0340865079923, 130.97327971765844, 129.9730741346068, 129.0348790056394, 128.16005617976296, 127.34991166074674, 126.60568707605516, 125.92855117089213, 125.31959144523253, 124.77980605851252, 124.31009613060397, 123.91125856838029, 123.58397954427588, 123.32882874656678, 123.14625451064275, 123.03657992645927, 123.0, 123.03657992645927, 123.14625451064275, 123.32882874656678, 123.58397954427588, 123.91125856838029, 124.31009613060397, 124.77980605851252, 125.31959144523253, 125.92855117089213, 126.60568707605516, 127.34991166074674, 128.16005617976296, 129.0348790056394, 129.9730741346068, 130.97327971765844, 132.0340865079923, 133.15404612703287, 134.33167906342865, 135.56548233234005, 136.85393673548452, 138.19551367537224, 139.5886814895821, 141.03191128251788, 142.52368224263643, 144.06248644251562, 145.64683312726027, 147.27525250360293, 148.94629904767692, 150.6585543538766, 152.41062955056645, 154.20116731075674, 156.02884348735012, 157.8923684032892, 159.7904878270293, 161.72198366332265, 163.68567438844488, 165.6804152578089, 167.70509831248424, 169.75865220954128, 171.84004189943624, 173.9482681718907, 176.08236708995025, 178.24140933015536, 180.42449944505873, 182.63077506269306, 184.85940603604675, 187.1095935541521, 189.38056922503955, 191.67159413955946, 193.98195792392653], [192.09372712298546, 189.7603752104216, 187.4459922217597, 185.15128949051368, 182.87700784953805, 180.62391868188445, 178.39282496782207, 176.18456232031227, 174.0, 171.84004189943624, 169.7056274847714, 167.59773268156104, 165.51737068960466, 163.46559270990335, 161.44348856488452, 159.45218719101973, 157.49285698088025, 155.5667059495701, 153.67498169838836, 151.81897114655993, 150.0, 148.2194319244275, 146.47866738880444, 144.77914214416384, 143.12232530251876, 141.50971698084905, 139.9428454762872, 138.42326394071193, 136.95254652615992, 135.5322839769182, 134.16407864998737, 132.84953895290715, 131.59027319676784, 130.3878828726044, 129.24395537122808, 128.16005617976296, 127.13772060250254, 126.17844506887855, 125.28367810692659, 124.45481107614923, 123.69316876852982, 123.0, 122.37646832622683, 121.82364302548172, 121.3424904969401, 120.93386622447824, 120.59850745345068, 120.33702672078948, 120.1499063670047, 120.03749414245534, 120.0, 120.03749414245534, 120.1499063670047, 120.33702672078948, 120.59850745345068, 120.93386622447824, 121.3424904969401, 121.82364302548172, 122.37646832622683, 123.0, 123.69316876852982, 124.45481107614923, 125.28367810692659, 126.17844506887855, 127.13772060250254, 128.16005617976296, 129.24395537122808, 130.3878828726044, 131.59027319676784, 132.84953895290715, 134.16407864998737, 135.5322839769182, 136.95254652615992, 138.42326394071193, 139.9428454762872, 141.50971698084905, 143.12232530251876, 144.77914214416384, 146.47866738880444, 148.2194319244275, 150.0, 151.81897114655993, 153.67498169838836, 155.5667059495701, 157.49285698088025, 159.45218719101973, 161.44348856488452, 163.46559270990335, 165.51737068960466, 167.59773268156104, 169.7056274847714, 171.84004189943624, 174.0, 176.18456232031227, 178.39282496782207, 180.62391868188445, 182.87700784953805, 185.15128949051368, 187.4459922217597, 189.7603752104216, 192.09372712298546], [190.23406634985227, 187.8776197422141, 185.5397531527947, 183.22117781522965, 180.9226353997752, 178.64489917151286, 176.3887751530692, 174.1551032843999, 171.94475857088517, 169.75865220954128, 167.59773268156104, 165.46298679765212, 163.35544068074375, 161.27616066858735, 159.22625411658717, 157.20687007888682, 155.21919984331834, 153.2644772933376, 151.34397906755325, 149.4590244849738, 147.61097520171052, 145.80123456267438, 144.03124660989366, 142.30249470757707, 140.61649974309557, 138.97481786280562, 137.37903770226373, 135.83077707206124, 134.33167906342865, 132.8834075421006, 131.48764200486676, 130.14607178090316, 128.86038956948715, 127.63228431709587, 126.46343345014795, 125.35549449465707, 124.31009613060397, 123.32882874656678, 122.41323457861898, 121.56479753612885, 120.78493283518436, 120.074976577137, 119.4361754243663, 118.86967653695368, 118.37651794169314, 117.957619508025, 117.61377470347594, 117.34564329364767, 117.15374513859982, 117.03845521878695, 117.0, 117.03845521878695, 117.15374513859982, 117.34564329364767, 117.61377470347594, 117.957619508025, 118.37651794169314, 118.86967653695368, 119.4361754243663, 120.074976577137, 120.78493283518436, 121.56479753612885, 122.41323457861898, 123.32882874656678, 124.31009613060397, 125.35549449465707, 126.46343345014795, 127.63228431709587, 128.86038956948715, 130.14607178090316, 131.48764200486676, 132.8834075421006, 134.33167906342865, 135.83077707206124, 137.37903770226373, 138.97481786280562, 140.61649974309557, 142.30249470757707, 144.03124660989366, 145.80123456267438, 147.61097520171052, 149.4590244849738, 151.34397906755325, 153.2644772933376, 155.21919984331834, 157.20687007888682, 159.22625411658717, 161.27616066858735, 163.35544068074375, 165.46298679765212, 167.59773268156104, 169.75865220954128, 171.94475857088517, 174.1551032843999, 176.3887751530692, 178.64489917151286, 180.9226353997752, 183.22117781522965, 185.5397531527947, 187.8776197422141, 190.23406634985227], [188.403821617291, 186.02419197512992, 183.6627343801676, 181.32015883513887, 178.99720668211557, 176.69465187152664, 174.41330224498358, 172.15400082484288, 169.91762710207553, 167.70509831248424, 165.51737068960466, 163.35544068074375, 161.22034611053283, 159.1131672741134, 157.0350279396288, 154.98709623707387, 152.97058540778355, 150.98675438593943, 149.03690818049066, 147.12239802287073, 145.24462124292245, 143.40502083260543, 141.60508465447134, 139.84634424967996, 138.13037319865606, 136.4587849865299, 134.8332303254654, 133.25539388707685, 131.7269904006009, 130.24976007655445, 128.82546332150332, 127.455874717488, 126.14277624977181, 124.8879497789919, 123.69316876852982, 122.56018929489298, 121.49074038789952, 120.48651376813922, 119.54915307102765, 118.68024266911489, 117.88129622633099, 117.15374513859982, 116.49892703368559, 115.91807451816993, 115.41230437002807, 114.9826073804208, 114.6298390472568, 114.3547113152755, 114.15778554264269, 114.03946685248927, 114.0, 114.03946685248927, 114.15778554264269, 114.3547113152755, 114.6298390472568, 114.9826073804208, 115.41230437002807, 115.91807451816993, 116.49892703368559, 117.15374513859982, 117.88129622633099, 118.68024266911489, 119.54915307102765, 120.48651376813922, 121.49074038789952, 122.56018929489298, 123.69316876852982, 124.8879497789919, 126.14277624977181, 127.455874717488, 128.82546332150332, 130.24976007655445, 131.7269904006009, 133.25539388707685, 134.8332303254654, 136.4587849865299, 138.13037319865606, 139.84634424967996, 141.60508465447134, 143.40502083260543, 145.24462124292245, 147.12239802287073, 149.03690818049066, 150.98675438593943, 152.97058540778355, 154.98709623707387, 157.0350279396288, 159.1131672741134, 161.22034611053283, 163.35544068074375, 165.51737068960466, 167.70509831248424, 169.91762710207553, 172.15400082484288, 174.41330224498358, 176.69465187152664, 178.99720668211557, 181.32015883513887, 183.6627343801676, 186.02419197512992, 188.403821617291], [186.60385848100782, 184.20097719610501, 181.8158408940211, 179.44915714485816, 177.1016657177453, 174.7741399635541, 172.46738822165773, 170.182255244194, 167.91962362987837, 165.6804152578089, 163.46559270990335, 161.27616066858735, 159.1131672741134, 156.97770542341354, 154.8709139896837, 152.7939789389621, 150.74813431681335, 148.73466307488647, 146.7548977036201, 144.81022063376602, 142.90206436577463, 141.03191128251788, 139.20129309744215, 137.41178988718545, 135.66502865514016, 133.96268137059664, 132.30646242719968, 130.69812546475177, 129.1394595001853, 127.63228431709587, 126.17844506887855, 124.77980605851252, 123.4382436686459, 122.15563842901399, 120.93386622447824, 119.77478866606278, 118.68024266911489, 117.65202930676546, 116.69190203266034, 115.80155439371269, 114.9826073804208, 114.23659658795862, 113.5649593844862, 112.96902230257638, 112.44998888394787, 112.00892821556681, 111.64676439557036, 111.36426715962351, 111.16204388189344, 111.04053313993047, 111.0, 111.04053313993047, 111.16204388189344, 111.36426715962351, 111.64676439557036, 112.00892821556681, 112.44998888394787, 112.96902230257638, 113.5649593844862, 114.23659658795862, 114.9826073804208, 115.80155439371269, 116.69190203266034, 117.65202930676546, 118.68024266911489, 119.77478866606278, 120.93386622447824, 122.15563842901399, 123.4382436686459, 124.77980605851252, 126.17844506887855, 127.63228431709587, 129.1394595001853, 130.69812546475177, 132.30646242719968, 133.96268137059664, 135.66502865514016, 137.41178988718545, 139.20129309744215, 141.03191128251788, 142.90206436577463, 144.81022063376602, 146.7548977036201, 148.73466307488647, 150.74813431681335, 152.7939789389621, 154.8709139896837, 156.97770542341354, 159.1131672741134, 161.27616066858735, 163.46559270990335, 165.6804152578089, 167.91962362987837, 170.182255244194, 172.46738822165773, 174.7741399635541, 177.1016657177453, 179.44915714485816, 181.8158408940211, 184.20097719610501, 186.60385848100782], [184.83506160899233, 182.40888136272312, 180.0, 177.60912138738823, 175.23698239812282, 172.8843544106869, 170.55204484262273, 168.24089871371942, 165.95180023127196, 163.68567438844488, 161.44348856488452, 159.22625411658717, 157.0350279396288, 154.8709139896837, 152.73506473629428, 150.6286825275983, 148.55302083767936, 146.50938536489735, 144.49913494550754, 142.52368224263643, 140.5844941663198, 138.68309197591464, 136.82105101189654, 135.0, 133.2216198670471, 131.48764200486676, 129.79984591670362, 128.16005617976296, 126.57013865837392, 125.03199590504823, 123.54756169184401, 122.11879462228572, 120.74767078498864, 119.4361754243663, 118.18629362155325, 117.0, 115.87924749496779, 114.82595525402783, 113.84199576606164, 112.92918134831227, 112.08925015361643, 111.32385189167684, 110.63453348751464, 110.0227249253535, 109.48972554536796, 109.03669107231748, 108.66462165764901, 108.37435120913065, 108.16653826391968, 108.04165863221463, 108.0, 108.04165863221463, 108.16653826391968, 108.37435120913065, 108.66462165764901, 109.03669107231748, 109.48972554536796, 110.0227249253535, 110.63453348751464, 111.32385189167684, 112.08925015361643, 112.92918134831227, 113.84199576606164, 114.82595525402783, 115.87924749496779, 117.0, 118.18629362155325, 119.4361754243663, 120.74767078498864, 122.11879462228572, 123.54756169184401, 125.03199590504823, 126.57013865837392, 128.16005617976296, 129.79984591670362, 131.48764200486676, 133.2216198670471, 135.0, 136.82105101189654, 138.68309197591464, 140.5844941663198, 142.52368224263643, 144.49913494550754, 146.50938536489735, 148.55302083767936, 150.6286825275983, 152.73506473629428, 154.8709139896837, 157.0350279396288, 159.22625411658717, 161.44348856488452, 163.68567438844488, 165.95180023127196, 168.24089871371942, 170.55204484262273, 172.8843544106869, 175.23698239812282, 177.60912138738823, 180.0, 182.40888136272312, 184.83506160899233], [183.09833423600554, 180.64883060789515, 178.21616088334974, 175.80102388780332, 173.4041521994211, 171.0263137648707, 168.66831356244714, 166.33099530754933, 164.01524319403973, 161.72198366332265, 159.45218719101973, 157.20687007888682, 154.98709623707387, 152.7939789389621, 150.6286825275983, 148.49242404917499, 146.38647478507022, 144.31216164966833, 142.2708684165525, 140.2640367307315, 138.2931668593933, 136.35981812836212, 134.46560898608982, 132.61221663180206, 130.80137613954983, 129.0348790056394, 127.31457104353765, 125.64234954823154, 124.02015965156632, 122.4499897917513, 120.93386622447824, 119.47384651043926, 118.07201192492656, 116.73045875006231, 115.45128842936313, 114.23659658795862, 113.08846094982458, 112.00892821556681, 111.0, 110.06361796706484, 109.20164833920776, 108.4158659975559, 107.70793842609744, 107.07940978544848, 106.53168542738821, 106.06601717798213, 105.68348972285122, 105.38500842150177, 105.17128885774862, 105.04284840006957, 105.0, 105.04284840006957, 105.17128885774862, 105.38500842150177, 105.68348972285122, 106.06601717798213, 106.53168542738821, 107.07940978544848, 107.70793842609744, 108.4158659975559, 109.20164833920776, 110.06361796706484, 111.0, 112.00892821556681, 113.08846094982458, 114.23659658795862, 115.45128842936313, 116.73045875006231, 118.07201192492656, 119.47384651043926, 120.93386622447824, 122.4499897917513, 124.02015965156632, 125.64234954823154, 127.31457104353765, 129.0348790056394, 130.80137613954983, 132.61221663180206, 134.46560898608982, 136.35981812836212, 138.2931668593933, 140.2640367307315, 142.2708684165525, 144.31216164966833, 146.38647478507022, 148.49242404917499, 150.6286825275983, 152.7939789389621, 154.98709623707387, 157.20687007888682, 159.45218719101973, 161.72198366332265, 164.01524319403973, 166.33099530754933, 168.66831356244714, 171.0263137648707, 173.4041521994211, 175.80102388780332, 178.21616088334974, 180.64883060789515, 183.09833423600554], [181.39459749397167, 178.92177061498134, 176.46529403823288, 174.0258601472781, 171.6041957529011, 169.20106382644286, 166.81726529349413, 164.45364088398895, 162.11107303327555, 159.7904878270293, 157.49285698088025, 155.21919984331834, 152.97058540778355, 150.74813431681335, 148.55302083767936, 146.38647478507022, 144.2497833620557, 142.1442928857856, 140.071410359145, 138.03260484392808, 136.0294085850556, 134.06341782902598, 132.13629327327143, 130.24976007655445, 128.40560735419618, 126.60568707605516, 124.85191228010888, 123.14625451064275, 121.49074038789952, 119.8874472161285, 118.33849753989611, 116.84605256490268, 115.41230437002807, 114.03946685248927, 112.7297653683356, 111.48542505637228, 110.30865786510141, 109.20164833920776, 108.16653826391968, 107.20541031123382, 106.3202708800161, 105.51303237041385, 104.78549517943789, 104.13932974625868, 103.57605900979242, 103.0970416646375, 102.70345661174213, 102.39628899525607, 102.17631819555841, 102.04410811016969, 102.0, 102.04410811016969, 102.17631819555841, 102.39628899525607, 102.70345661174213, 103.0970416646375, 103.57605900979242, 104.13932974625868, 104.78549517943789, 105.51303237041385, 106.3202708800161, 107.20541031123382, 108.16653826391968, 109.20164833920776, 110.30865786510141, 111.48542505637228, 112.7297653683356, 114.03946685248927, 115.41230437002807, 116.84605256490268, 118.33849753989611, 119.8874472161285, 121.49074038789952, 123.14625451064275, 124.85191228010888, 126.60568707605516, 128.40560735419618, 130.24976007655445, 132.13629327327143, 134.06341782902598, 136.0294085850556, 138.03260484392808, 140.071410359145, 142.1442928857856, 144.2497833620557, 146.38647478507022, 148.55302083767936, 150.74813431681335, 152.97058540778355, 155.21919984331834, 157.49285698088025, 159.7904878270293, 162.11107303327555, 164.45364088398895, 166.81726529349413, 169.20106382644286, 171.6041957529011, 174.0258601472781, 176.46529403823288, 178.92177061498134, 181.39459749397167], [179.7247896090019, 177.22866585290313, 174.7483905505284, 172.28464818433474, 169.83815825661793, 167.40967713964446, 165.0, 162.60996279441184, 160.2404443328837, 157.8923684032892, 155.5667059495701, 153.2644772933376, 150.98675438593943, 148.73466307488647, 146.50938536489735, 144.31216164966833, 142.1442928857856, 140.0071426749364, 137.90213921473443, 135.83077707206124, 133.79461872586654, 131.79529581893277, 129.8345100502944, 127.91403363196704, 126.03570922560002, 124.20144926690669, 122.41323457861898, 120.6731121667126, 118.98319209031163, 117.34564329364767, 115.76268828944842, 114.23659658795862, 112.76967677527502, 111.36426715962351, 110.0227249253535, 108.74741376235114, 107.54068997360953, 106.4048871058092, 105.34229919647663, 104.35516278555652, 103.4456378974, 102.61578825892242, 101.86756107809786, 101.202766760598, 100.62305898749054, 100.12991560967181, 99.72462083156798, 99.40824915468534, 99.18165152889922, 99.04544411531506, 99.0, 99.04544411531506, 99.18165152889922, 99.40824915468534, 99.72462083156798, 100.12991560967181, 100.62305898749054, 101.202766760598, 101.86756107809786, 102.61578825892242, 103.4456378974, 104.35516278555652, 105.34229919647663, 106.4048871058092, 107.54068997360953, 108.74741376235114, 110.0227249253535, 111.36426715962351, 112.76967677527502, 114.23659658795862, 115.76268828944842, 117.34564329364767, 118.98319209031163, 120.6731121667126, 122.41323457861898, 124.20144926690669, 126.03570922560002, 127.91403363196704, 129.8345100502944, 131.79529581893277, 133.79461872586654, 135.83077707206124, 137.90213921473443, 140.0071426749364, 142.1442928857856, 144.31216164966833, 146.50938536489735, 148.73466307488647, 150.98675438593943, 153.2644772933376, 155.5667059495701, 157.8923684032892, 160.2404443328837, 162.60996279441184, 165.0, 167.40967713964446, 169.83815825661793, 172.28464818433474, 174.7483905505284, 177.22866585290313, 179.7247896090019], [178.08986495586996, 175.57049866079439, 173.06646122227147, 170.578427709954, 168.1071087134628, 165.65325230734229, 163.21764610482532, 160.80111939908875, 158.404545389329, 156.02884348735012, 153.67498169838836, 151.34397906755325, 149.03690818049066, 146.7548977036201, 144.49913494550754, 142.2708684165525, 140.071410359145, 137.90213921473443, 135.7645019878171, 133.6600164596728, 131.59027319676784, 129.5569372901351, 127.56174975281579, 125.60652849274993, 123.69316876852982, 121.82364302548172, 120.0, 118.22436297142818, 116.49892703368559, 114.82595525402783, 113.20777358467925, 111.64676439557036, 110.14535850411492, 108.70602559196062, 107.33126291998991, 106.02358228243375, 104.78549517943789, 103.61949623502326, 102.52804494381037, 101.51354589413178, 100.57832768544125, 99.72462083156798, 98.95453501482386, 98.2700361249552, 97.67292357659824, 97.16480844420988, 96.74709297958259, 96.42095207992918, 96.18731725128839, 96.04686356149273, 96.0, 96.04686356149273, 96.18731725128839, 96.42095207992918, 96.74709297958259, 97.16480844420988, 97.67292357659824, 98.2700361249552, 98.95453501482386, 99.72462083156798, 100.57832768544125, 101.51354589413178, 102.52804494381037, 103.61949623502326, 104.78549517943789, 106.02358228243375, 107.33126291998991, 108.70602559196062, 110.14535850411492, 111.64676439557036, 113.20777358467925, 114.82595525402783, 116.49892703368559, 118.22436297142818, 120.0, 121.82364302548172, 123.69316876852982, 125.60652849274993, 127.56174975281579, 129.5569372901351, 131.59027319676784, 133.6600164596728, 135.7645019878171, 137.90213921473443, 140.071410359145, 142.2708684165525, 144.49913494550754, 146.7548977036201, 149.03690818049066, 151.34397906755325, 153.67498169838836, 156.02884348735012, 158.404545389329, 160.80111939908875, 163.21764610482532, 165.65325230734229, 168.1071087134628, 170.578427709954, 173.06646122227147, 175.57049866079439, 178.08986495586996], [176.49079296099274, 173.9482681718907, 171.42053552593984, 168.90825912311095, 166.41213898030395, 163.93291310777101, 161.47135968957468, 159.02829936838287, 156.60459763365824, 154.20116731075674, 151.81897114655993, 149.4590244849738, 147.12239802287073, 144.81022063376602, 142.52368224263643, 140.2640367307315, 138.03260484392808, 135.83077707206124, 133.6600164596728, 131.52186130069785, 129.41792766073794, 127.34991166074674, 125.31959144523253, 123.32882874656678, 121.37956994486345, 119.47384651043926, 117.61377470347594, 115.80155439371269, 114.03946685248927, 112.32987136109432, 110.6752004741803, 109.07795377618706, 107.54068997360953, 106.06601717798213, 104.65658125507444, 103.31505214633539, 102.04410811016969, 100.84641788382966, 99.72462083156798, 98.68130522039117, 97.71898484941399, 96.84007434941384, 96.04686356149273, 95.34149149242421, 94.72592042308166, 94.2019108086455, 93.7709976485267, 93.43446901438462, 93.1933474020544, 93.04837451562493, 93.0, 93.04837451562493, 93.1933474020544, 93.43446901438462, 93.7709976485267, 94.2019108086455, 94.72592042308166, 95.34149149242421, 96.04686356149273, 96.84007434941384, 97.71898484941399, 98.68130522039117, 99.72462083156798, 100.84641788382966, 102.04410811016969, 103.31505214633539, 104.65658125507444, 106.06601717798213, 107.54068997360953, 109.07795377618706, 110.6752004741803, 112.32987136109432, 114.03946685248927, 115.80155439371269, 117.61377470347594, 119.47384651043926, 121.37956994486345, 123.32882874656678, 125.31959144523253, 127.34991166074674, 129.41792766073794, 131.52186130069785, 133.6600164596728, 135.83077707206124, 138.03260484392808, 140.2640367307315, 142.52368224263643, 144.81022063376602, 147.12239802287073, 149.4590244849738, 151.81897114655993, 154.20116731075674, 156.60459763365824, 159.02829936838287, 161.47135968957468, 163.93291310777101, 166.41213898030395, 168.90825912311095, 171.42053552593984, 173.9482681718907, 176.49079296099274], [174.928556845359, 172.3629890666787, 169.81166037701885, 167.2752223134078, 164.75436261295175, 162.24980739587951, 159.76232346833217, 157.29272074701993, 154.84185480676726, 152.41062955056645, 150.0, 147.61097520171052, 145.24462124292245, 142.90206436577463, 140.5844941663198, 138.2931668593933, 136.0294085850556, 133.79461872586654, 131.59027319676784, 129.41792766073794, 127.27922061357856, 125.17587627015038, 123.10970717209914, 121.08261642366338, 119.09659944767525, 117.15374513859982, 115.25623627379127, 113.40634902861478, 111.60645142642964, 109.85900054160332, 108.16653826391968, 106.53168542738821, 104.95713410721541, 103.4456378974, 102.0, 100.62305898749054, 99.31767214348109, 98