{"ref_":{"position":[-8300,-3000]},"elevation":{"precision":11.111111,"grid":[[1281.0,1278.0,1275.0,1271.0,1268.0,1266.0,1265.0,1264.0,1263.0,1261.0],[1279.0,1277.0,1273.0,1270.0,1266.0,1265.0,1264.0,1263.0,1261.0,1260.0],[1278.0,1275.0,1272.0,1268.0,1264.0,1263.0,1262.0,1261.0,1260.0,1258.0],[1277.0,1274.0,1271.0,1267.0,1263.0,1261.0,1260.0,1260.0,1258.0,1256.0],[1275.0,1273.0,1269.0,1265.0,1261.0,1259.0,1259.0,1258.0,1257.0,1255.0],[1274.0,1272.0,1268.0,1264.0,1259.0,1258.0,1257.0,1256.0,1255.0,1254.0],[1274.0,1271.0,1268.0,1263.0,1258.0,1257.0,1256.0,1255.0,1254.0,1252.0],[1274.0,1271.0,1267.0,1262.0,1257.0,1255.0,1254.0,1253.0,1252.0,1251.0],[1274.0,1271.0,1266.0,1261.0,1256.0,1254.0,1252.0,1251.0,1251.0,1250.0],[1273.0,1269.0,1265.0,1260.0,1255.0,1253.0,1251.0,1250.0,1249.0,1249.0]]},"size":100,"grid_size":9,"background_color":[0,128,0]}